40,	4,	91.00,	67.00,	1995,	16.2,	datsun 310 gx
10,	8,	400.0,	150.0,	4997,	14.0,	chevrolet impala
25,	4,	116.0,	81.00,	2220,	16.9,	opel 1900
25,	4,	140.0,	92.00,	2865,	16.4,	ford fairmont futura
25,	4,	90.00,	75.00,	2108,	15.5,	fiat 128
25,	4,	119.0,	97.00,	2300,	14.7,	datsun 510
25,	4,	79.00,	67.00,	1963,	15.5,	volkswagen dasher
25,	4,	121.0,	110.0,	2660,	14.0,	saab 99le
35,	4,	79.00,	58.00,	1825,	18.6,	renault 5 gtl
35,	4,	86.00,	65.00,	2019,	16.4,	datsun 310
35,	4,	119.0,	92.00,	2434,	15.0,	datsun 510 hatchback
35,	4,	85.00,	65.00,	1975,	19.4,	datsun 210 mpg
15,	8,	440.0,	215.0,	4735,	11.0,	chrysler new yorker brougham
15,	8,	400.0,	175.0,	4385,	12.0,	pontiac catalina
15,	6,	250.0,	72.00,	3158,	19.5,	ford maverick
15,	8,	350.0,	150.0,	4699,	14.5,	buick century luxus (sw)
15,	8,	400.0,	170.0,	4668,	11.5,	pontiac catalina
15,	6,	163.0,	133.0,	3410,	15.8,	peugeot 604sl
15,	8,	351.0,	158.0,	4363,	13.0,	ford ltd
30,	4,	83.00,	61.00,	2003,	19.0,	datsun 710
30,	4,	112.0,	85.00,	2575,	16.2,	pontiac j2000 se hatchback
30,	4,	107.0,	72.00,	2290,	17.0,	honda accord
30,	6,	145.0,	76.00,	3160,	19.6,	volvo diesel
30,	4,	79.00,	67.00,	2000,	16.0,	fiat x1.9
30,	4,	89.00,	62.00,	1845,	15.3,	vokswagen rabbit
45,	4,	97.00,	52.00,	2130,	24.6,	vw pickup
20,	4,	121.0,	112.0,	2933,	14.5,	volvo 145e (sw)
20,	8,	318.0,	150.0,	3436,	11.0,	plymouth satellite
20,	4,	140.0,	90.00,	2408,	19.5,	chevrolet vega
20,	4,	134.0,	95.00,	2515,	14.8,	toyota celica gt liftback
20,	4,	140.0,	72.00,	2401,	19.5,	chevrolet vega
20,	4,	130.0,	102.0,	3150,	15.7,	volvo 245
20,	8,	318.0,	135.0,	3830,	15.2,	dodge st. regis
20,	8,	318.0,	140.0,	4080,	13.7,	dodge magnum xe
